A = [1 1 0 0];
B = [1; 2; 3; 4];
C = A*B